99.0 11.10373539113979
100.0 8.68424074662914
101.0 7.873507586393288
102.0 8.744303519942484
103.0 6.724751487385307
104.0 5.611954546909259
105.0 5.7458876586402
106.0 4.709995440479747
107.0 4.022478371043699
108.0 3.5053731470304723
109.0 3.5053731470304723
110.0 3.0962901181407028
111.0 2.7465649184133594
112.0 2.4559414900005874
113.0 2.43228448922152
114.0 2.1593112876496403
115.0 1.929400095561612
116.0 1.929400095561612
117.0 1.7237999609898464
118.0 1.5543223727342605
119.0 1.4460932478547022
120.0 1.4178144725076618
121.0 1.3037731383415392
122.0 1.2291942236844364
123.0 1.1399801998633217
124.0 1.115576259331957
125.0 1.0576513726461956
126.0 0.984257754063973
127.0 0.9719759103558847
128.0 0.9171083542548255
129.0 0.8581436808051569
130.0 0.8081554510317788
131.0 0.8081554510317788
132.0 0.7571844679073008
133.0 0.7065528753103432
134.0 0.6648801296616959
135.0 0.6648801296616959
136.0 0.6317202031111794
137.0 0.5957640956329968
138.0 0.5957640956329968
139.0 0.5613718957449144
140.0 0.5360303369241499
141.0 0.5208615988433496
142.0 0.5055771549551739
143.0 0.47437418447054674
144.0 0.4585553125220346
145.0 0.42501816256630004
146.0 0.4128032712906106
147.0 0.39923480575045345
148.0 0.38824996812212625
149.0 0.3912073259952423
150.0 0.3794024334337032
151.0 0.36309581603879654
152.0 0.33830754182900696
153.0 0.32568320524850713
154.0 0.31001693208928693
155.0 0.2865188203635994
156.0 0.2723364897612553
157.0 0.2723364897612553
158.0 0.26391423503776634
159.0 0.2555340463278512
160.0 0.2555340463278512
161.0 0.24286756348671662
162.0 0.23176393637204218
163.0 0.22362434719547078
164.0 0.22400752457452852
165.0 0.21474866996682454
166.0 0.20722173507748184
167.0 0.2021008873191285
168.0 0.200119480620581
169.0 0.18376864702412896
170.0 0.17267199529531024
171.0 0.16146935098084447
172.0 0.1507673290714807
173.0 0.14849540607130898
174.0 0.14296719820748321
175.0 0.13914759191119974
176.0 0.13359707080575828
177.0 0.12048039789516725
178.0 0.11230342335952975
179.0 0.11230342335952975
180.0 0.10996368243423671
181.0 0.11011290311839594
182.0 0.11011290311839594
183.0 0.10825740669655579
184.0 0.09985130546677892
185.0 0.09519444201865561
186.0 0.09447992511354122
187.0 0.08929039595664978
188.0 0.08294535184062747
189.0 0.07642806853915539
190.0 0.07440175425903149
191.0 0.0663040246364881
192.0 0.06062963939754523
193.0 0.056338950121976254
194.0 0.05477306932148547

