670.0 30.987087153244424
671.0 29.991800422247696
672.0 27.912207470468275
673.0 21.10569978405427
674.0 19.450939080384863
675.0 17.831931649213963
676.0 16.355580445275727
677.0 15.083289325729494
678.0 13.994221249081754
679.0 13.050268620780665
680.0 12.18429461465934
681.0 11.386307261897038
682.0 10.654995537896204
683.0 9.988978681934183
684.0 9.393174047623596
685.0 8.873297984000773
686.0 8.47347368089525
687.0 8.195721771837112
688.0 7.998566352023887
689.0 7.827371944582502
690.0 7.644627789816545
691.0 7.477315666193792
692.0 7.415572763874798
693.0 7.410134995908127
694.0 7.481506568168568
695.0 7.539101155598041
696.0 7.490989140952854
697.0 7.336585320952303
698.0 7.118551246384334
699.0 6.890921119942162
700.0 6.684773031748679
701.0 6.500571376046212
702.0 6.312339561827585
703.0 6.092803823898693
704.0 5.838307956407834
705.0 5.5556212016151045
706.0 5.297876843406666
707.0 5.094979551219136
708.0 4.9663208695963705
709.0 4.910400289466999
710.0 5.103997673273917
711.0 5.183214968272308
712.0 5.358724170907728
713.0 5.584129462177522
714.0 5.772545076629474
715.0 5.825565476197946
716.0 5.680879899136966
717.0 5.370970681976649
718.0 4.98374696166837
719.0 4.624470141300307
720.0 4.346097111807493
721.0 4.158796106917532
722.0 4.046300685323668
723.0 3.9749187372991495
724.0 3.937762850198882
725.0 3.914873426553232
726.0 3.9133506398188582
727.0 3.9419844605316166
728.0 3.986694267870927
729.0 3.9291375638177612
730.0 3.9325685957084837
731.0 3.9336960204935623
732.0 3.922256768569107
733.0 3.888538417462356
734.0 3.836531602837817
735.0 3.7940195716379828
736.0 3.7760307209794495
737.0 3.7879754940959267
738.0 3.806545243027505
739.0 3.8042878109389986
740.0 3.7649220607290865
741.0 3.6944695845314297
742.0 3.597900455186971
743.0 3.490535920114661
744.0 3.3925454201073895
745.0 3.31271785519474
746.0 3.2620620901640587
747.0 3.2378074168061053
748.0 3.218262500148267
749.0 3.216030431792069
750.0 3.219501015822204
751.0 3.2514100020556858
752.0 3.3149703824315777
753.0 3.395978712801263
754.0 3.4656183667541787
755.0 3.496747894872731
756.0 3.491436804624358
757.0 3.461239897790707
758.0 3.424827951065409
759.0 3.390222929066898
760.0 3.3607990335112805
761.0 3.3331385096076955
762.0 3.319796546912356
763.0 3.3115887532385515
764.0 3.285256741307764
765.0 3.21452908489491
766.0 3.1210238902673577
767.0 3.008996254795406
768.0 2.887980829649738
769.0 2.7615424592886493
770.0 2.6339790739383155
771.0 2.503823567461517
772.0 2.3840834594539055
773.0 2.29292871878239
774.0 2.241957520930612
775.0 2.233583251575454
776.0 2.2415478085824745
777.0 2.2459556104881218
778.0 2.2248079384050365
779.0 2.191848558116075
780.0 2.1505389316288435
781.0 2.1301098160161236
782.0 2.1284014155053406
783.0 2.1569321072559657
784.0 2.195337099845197
785.0 2.205716938902549
786.0 2.2296173278907108
787.0 2.2236978634780646
788.0 2.2007420495617236
789.0 2.169240410663515
790.0 2.142360436073568
791.0 2.117657193781868
792.0 2.104298862865836
793.0 2.1003086286533086
794.0 2.105087624773356
795.0 2.1146153938761243
796.0 2.117540552740627
797.0 2.1077870832058045
798.0 2.0734078134899634
799.0 2.0085416127929294
800.0 1.923751500996733
801.0 1.8389945330046817
802.0 1.7603883690742346
803.0 1.7032449193625185
804.0 1.6266446312296938
805.0 1.5503241687917266
806.0 1.477726862605878
807.0 1.4203510197129068
808.0 1.3790513097402992
809.0 1.3482913687066511
810.0 1.3400826478650525
811.0 1.350193797535574
812.0 1.3813999113142077
813.0 1.4107533970594501
814.0 1.436630762123534
815.0 1.4372299973383686
816.0 1.419674049554747
817.0 1.3898362610304498
818.0 1.3696120692649445
819.0 1.3646203892312812
820.0 1.3789180216201655
821.0 1.4070438148894617
822.0 1.4280512943466408
823.0 1.4720381569526568
824.0 1.5293317130940411
825.0 1.5768216232753938
826.0 1.6072147906172685
827.0 1.61349871137388
828.0 1.6166805379812619
829.0 1.6319997172216987
830.0 1.6683270646644073
831.0 1.7041570533642958
832.0 1.7322418670777462
833.0 1.739088693509224
834.0 1.730550387007923
835.0 1.7101304794491308
836.0 1.6794163768051056
837.0 1.645548416943558
838.0 1.6124134479011492
839.0 1.5818029407599297
840.0 1.5493165986878406
841.0 1.5046399866689606
842.0 1.4641913230170536
843.0 1.4254859548712633
844.0 1.3913866723795847
845.0 1.3667401934235264
846.0 1.351985216783306
847.0 1.3435502305462927
848.0 1.3330737902265195
849.0 1.3159395729157535
850.0 1.289764043411893
851.0 1.2622317655649224
852.0 1.2312766354292775
853.0 1.2035406437859248
854.0 1.1755565134465196
855.0 1.1466648354835358
856.0 1.109629970930659
857.0 1.070448112319688
858.0 1.034185192870038
859.0 1.0255981195321033
860.0 1.0118220749174096
861.0 1.0083228095211607
862.0 1.0138548661937474
863.0 1.027462235289334
864.0 1.039179737736917
865.0 1.0444892606149214
866.0 1.0394258435542962
867.0 1.030770232294647
868.0 1.0299876564767718
869.0 1.0399009605080953
870.0 1.0567728976948414
871.0 1.0654286103086807
872.0 1.0669768249780969
873.0 1.0669322098635898
874.0 1.06179781779
875.0 1.0529004309765244
876.0 1.0359383147976269
877.0 1.0170847696154217
878.0 0.9821756692546842
879.0 0.9765652353879029
880.0 0.981353000663864
881.0 0.9910212051615209
882.0 1.0002667663324603
883.0 1.0077523718975374
884.0 1.014349392134799
885.0 1.0233877568209744
886.0 1.0306682596877075
887.0 1.0334255269202326
888.0 1.0295523468733498
889.0 1.0113497630392707
890.0 0.9825201096551888
891.0 0.9490487232595357
892.0 0.9190461861437519
893.0 0.8977909066472014
894.0 0.8896806154226367
895.0 0.8908057146428527
896.0 0.8926846840496118
897.0 0.8925332293389134
898.0 0.8940532358929638
899.0 0.8951682932527978
900.0 0.8977771612841637
901.0 0.890505837875899
902.0 0.8778633284623
903.0 0.8610298426712006
904.0 0.8469429479640125
905.0 0.8389217283884763
906.0 0.8328705497746577
907.0 0.8260561080141113
908.0 0.8121899854354491
909.0 0.7983600479950684
910.0 0.7872586613830203
911.0 0.7780458385144347
912.0 0.7727524121017701
913.0 0.7647879919679571
914.0 0.7552749397368009
915.0 0.7396683518143657
916.0 0.7375088469130392
917.0 0.7408519743562222
918.0 0.7468003670298716
919.0 0.7545434826317231
920.0 0.7631902472082096
921.0 0.7750199064785204
922.0 0.783681240936057
923.0 0.7839077696813567
924.0 0.7621936802712082
925.0 0.7267461913924886
926.0 0.6860604272644399
927.0 0.6543232923765607
928.0 0.6306519342345596
929.0 0.624084047148368
930.0 0.6289803251345368
931.0 0.6412955072894966
932.0 0.6560742509258531
933.0 0.6673244267051027
934.0 0.6666294405999889
935.0 0.6614054165891459
936.0 0.6564600024304803
937.0 0.6519388045876615
938.0 0.6479988424129914
939.0 0.6315461313618911
940.0 0.6096960869965788
941.0 0.5897932092140941
942.0 0.5764756128384257
943.0 0.5617990618360733
944.0 0.5485104965555606
945.0 0.5324924569465187
946.0 0.5232341293721108
947.0 0.5182607443707021
948.0 0.5204179886732424
949.0 0.5223515849119645
950.0 0.5317230709655807
951.0 0.540033074799724
952.0 0.550348453682675
953.0 0.5544309010612579
954.0 0.5544529242768487
955.0 0.5462994933565153
956.0 0.5346133016675583
957.0 0.5266655274480446
958.0 0.5197114273899107
959.0 0.5156101408582663
960.0 0.5148499019731736
961.0 0.5199245384563105
962.0 0.5264147029526314
963.0 0.5383338385052245
964.0 0.5517963051512503
965.0 0.5677373389169458
966.0 0.5866725121081999
967.0 0.6054559899624071
968.0 0.6230619091437515
969.0 0.6386302654737009
970.0 0.6802000276416384
971.0 0.6986361462711101
972.0 0.7050312531179024
973.0 0.695647753975399
974.0 0.6716289128780765
975.0 0.6416198423695895
976.0 0.6135266316876172
977.0 0.5955648952799328
978.0 0.5830407730462804
979.0 0.5771949070069748
980.0 0.5720083912539836
981.0 0.5704226451373127
982.0 0.5688256374143204
983.0 0.565316078867066
984.0 0.5648568314451127
985.0 0.5659310628540691
986.0 0.5661450089429
987.0 0.5659868185569178
988.0 0.5602877035947345
989.0 0.5378653122678991
990.0 0.5303753921335168
991.0 0.524672288746489
992.0 0.5211330544127899
993.0 0.5174216104622762
994.0 0.5185018860836839
995.0 0.5243827893121323
996.0 0.5346185947795847
997.0 0.5448468785264506
998.0 0.5499400051564439
999.0 0.5442836561213134
1000.0 0.534649962454493
1001.0 0.522044653400589
1002.0 0.5104160557656751
1003.0 0.5015917564791823
1004.0 0.4962261153072167
1005.0 0.4951200198307732
1006.0 0.4963771623090645
1007.0 0.49928828724279056
1008.0 0.5003221020789727
1009.0 0.4945757252926949
1010.0 0.48442215679785255
1011.0 0.47313002996761266
1012.0 0.47148091450265
1013.0 0.47993352552168483
1014.0 0.4916130170244306
1015.0 0.5051496229696142
1016.0 0.5119525263393178
1017.0 0.5092675567310722
1018.0 0.4990338835793896
1019.0 0.4901445451413309
1020.0 0.4801078031816273
1021.0 0.4771154944300905
1022.0 0.4708894251272422
1023.0 0.4667791340593725
1024.0 0.4607598694532364
1025.0 0.45664664770336166
1026.0 0.4578032977622122
1027.0 0.4562160715360981
1028.0 0.4551895288570623
1029.0 0.4491128110917493
1030.0 0.43970097620663484
1031.0 0.4313249563059447
1032.0 0.4214904985395956
1033.0 0.41447897197528855
1034.0 0.40808795914408086
1035.0 0.40281367289989173
1036.0 0.39841733735651513
1037.0 0.3962827595008628
1038.0 0.3937330660343849
1039.0 0.3932408649266973
1040.0 0.39070002104374535
1041.0 0.38472124157615933
1042.0 0.3781439588053386
1043.0 0.37150191216722334
1044.0 0.37203709723414197
1045.0 0.3899064780892142
1046.0 0.39818400973649676
1047.0 0.4057339258952421
1048.0 0.4112074076640124
1049.0 0.4114781669729302
1050.0 0.4105740052221896
1051.0 0.408351801605963
1052.0 0.4109409890580605
1053.0 0.4126362739771895
1054.0 0.4154111922430771
1055.0 0.4175240500688338
1056.0 0.4167017691614096
1057.0 0.4145400037648597
1058.0 0.4149191511299075
1059.0 0.41995029859463573
1060.0 0.42661096967085294
1061.0 0.42713335181418594
1062.0 0.4204275373909003
1063.0 0.38923515064196157
1064.0 0.3780560223710726
1065.0 0.36926310325919176
1066.0 0.3633863680620642
1067.0 0.35821132269448874
1068.0 0.35193001258430856
1069.0 0.34379230411924594
1070.0 0.3368148612886029
1071.0 0.3340485952560997
1072.0 0.3306039935531608
1073.0 0.32315369743998223
1074.0 0.3100937323825301
1075.0 0.29517092388988647
1076.0 0.2901786039269377
1077.0 0.29898734291287404
1078.0 0.32623847661076427
1079.0 0.36741840580123764
1080.0 0.41521677379124405
1081.0 0.46436944852645445
1082.0 0.45747138388316017
1083.0 0.4679443644143881
1084.0 0.46513996747852504
1085.0 0.4574237197672739
1086.0 0.4537023770369605
1087.0 0.4553657993175775
1088.0 0.4640529159475225
1089.0 0.48060367869071824
1090.0 0.5047850473057218
1091.0 0.5290087326014189
1092.0 0.5451776817757206
1093.0 0.5412379333045749
1094.0 0.5247637535080871
1095.0 0.5024845820119467
1096.0 0.48293536908060597
1097.0 0.46134499105753013
1098.0 0.4424131704692193
1099.0 0.42979108530708976
1100.0 0.4139820753343462
1101.0 0.4227746630958895
1102.0 0.4339695549457694
1103.0 0.44463829281098083
1104.0 0.45411605686563977
1105.0 0.4618353542446916
1106.0 0.4651870868265182
1107.0 0.46296062163234103
1108.0 0.45838867197483285
1109.0 0.4572287217289565
1110.0 0.45525004247528955
1111.0 0.45077152377735247
1112.0 0.4452850084500414
1113.0 0.44107638551955475
1114.0 0.43791424570879445
1115.0 0.43262827989824665
1116.0 0.422584244602855
1117.0 0.4124743688600677
1118.0 0.4076244628327446
1119.0 0.42094347225390666
1120.0 0.42472000339538485
1121.0 0.423345716608327
1122.0 0.4100129467660218
1123.0 0.38575557580423914
1124.0 0.357230204442897
1125.0 0.3373920277855044
1126.0 0.32451204577433196
1127.0 0.3202989137612127
1128.0 0.31293322905173476
1129.0 0.3043920197998103
1130.0 0.29469840962360405
1131.0 0.28712530857712176
1132.0 0.28594917001142944
1133.0 0.28196827857760415
1134.0 0.2780901422537261
1135.0 0.27260273218831066
1136.0 0.2682349416040567
1137.0 0.2654772125502192
1138.0 0.2698801507440582
1139.0 0.2662447789003551
1140.0 0.2607205235343952
1141.0 0.2520446269415317
1142.0 0.24690629409271078
1143.0 0.24229537554977698
1144.0 0.24063034376407147
1145.0 0.2371516634873517
1146.0 0.23598779506394546
1147.0 0.23529444643464117
1148.0 0.23548001326993123
1149.0 0.23318281414103173
1150.0 0.23079604439417603
1151.0 0.22521910148521124
1152.0 0.2198404563671041
1153.0 0.21694484866994748
1154.0 0.2160924726670345
1155.0 0.2162979420333401
1156.0 0.211380675432324
1157.0 0.20803623249584957
1158.0 0.20721678198309265
1159.0 0.20711984776728484
1160.0 0.21018664348664284
1161.0 0.2079985780773183
1162.0 0.20579911026115733
1163.0 0.20415629027913026
1164.0 0.20177486626883273
1165.0 0.2009505967959265
1166.0 0.20209093731653296
1167.0 0.2037642054952551
1168.0 0.20330965941292345
1169.0 0.204044823405917
1170.0 0.20415773323525052
1171.0 0.20841322869277887
1172.0 0.20554495180792928
1173.0 0.20018522511725234
1174.0 0.1950009355339896
1175.0 0.19158410559956834
1176.0 0.18824922660641083
1177.0 0.1839301397306216
1178.0 0.18241529678050494
1179.0 0.180264869188973
1180.0 0.18104855503096645
1181.0 0.18142728573688374
1182.0 0.18880166517316296
1183.0 0.1919014147805318
1184.0 0.19364465512965054
1185.0 0.1961402310099075
1186.0 0.1949748601565294
1187.0 0.19345280603849446
1188.0 0.1901041512738381
1189.0 0.18788211740096405
1190.0 0.18253005217812807
1191.0 0.18149897371742157
1192.0 0.18017448070083122
1193.0 0.18055481866371223
1194.0 0.1856885501979232
1195.0 0.18787809957405072
1196.0 0.1884332801383063
1197.0 0.18911504789691547
1198.0 0.18867260815579887
1199.0 0.18815163625916986
1200.0 0.18552219191933025
1201.0 0.18843195957095746
1202.0 0.192702025347858
1203.0 0.19666514686105588
1204.0 0.19467526268035248
1205.0 0.19105510352077937
1206.0 0.1847835891798569
1207.0 0.17903263240789702
1208.0 0.17786527229414126
1209.0 0.1779327395202084
1210.0 0.17958617115480455
1211.0 0.18063162172938357
1212.0 0.19064068195544673
1213.0 0.18750655289268847
1214.0 0.18026143574791567
1215.0 0.1760870021436683
1216.0 0.17335823201891237
1217.0 0.1732617917150045
1218.0 0.17343896676113552
1219.0 0.17899564550648447
1220.0 0.19024070538482027
1221.0 0.2033008144660009
1222.0 0.21918629089539873
1223.0 0.23816697852447957
1224.0 0.25745101411796245
1225.0 0.2725921349230597
1226.0 0.2771790095578188
1227.0 0.2666133386302083
1228.0 0.2425347236127529
1229.0 0.22075764427500272
1230.0 0.19225209105074256
1231.0 0.18344942244490003
1232.0 0.17150447260683138
1233.0 0.16199485532332478
1234.0 0.1570265915398572
1235.0 0.15338927589908283
1236.0 0.152740872698281
1237.0 0.15320958807223464
1238.0 0.1517490286805831
1239.0 0.1496986628688456
1240.0 0.1530523377573078
1241.0 0.15654671725149868
1242.0 0.16159111557084918
1243.0 0.16938530724096307
1244.0 0.17899794777414463
1245.0 0.18994687362451512
1246.0 0.19882868048862135
1247.0 0.20646079610473822
1248.0 0.20302505747640087
1249.0 0.18945830350683063
1250.0 0.17532206659107005
1251.0 0.166585684845925
1252.0 0.1659072049890302
1253.0 0.167269427300757
1254.0 0.16891096982081918
1255.0 0.16823634433621484
1256.0 0.16551563359810562
1257.0 0.1593598834321595
1258.0 0.15111324450181438
1259.0 0.14862964564921305
1260.0 0.15167913971900934
1261.0 0.15569447069466627
1262.0 0.1589468469640314
1263.0 0.1568775256447174
1264.0 0.15131556888657632
1265.0 0.14755661578346044
1266.0 0.1444661119433701
1267.0 0.14404995973396226
1268.0 0.14416521101471033
1269.0 0.14220989334313838
1270.0 0.140383975716939
1271.0 0.13795069099226218
1272.0 0.1339548239488275
1273.0 0.13102563484651397
1274.0 0.1265320983629481
1275.0 0.12161812897269868
1276.0 0.12488303093096553
1277.0 0.12794675454204923
1278.0 0.131945307594957
1279.0 0.13272359267714914
1280.0 0.13129566929969055
1281.0 0.1272105758901127
1282.0 0.12800208058323326
1283.0 0.13006531265837176
1284.0 0.13249495539545258

